time,daily_test,daily_positive,daily_pct_positive,children_daily_test,children_daily_positive,children_daily_pct_positive,daily_vaccinated_dose1,daily_vaccinated_dose2,daily_moderate,daily_severe,daily_critical,daily_total_hospital,daily_fatality,cumulative_positive,cumulative_dose1,cumulative_dose2,children_cumulative_positive,cumulative_total_hospitalization,cumulative_fatality
2020-03-01,150,1,0.006666666666666667,122,1,0.00819672131147541,0,0,0,0,0,0,0,1,0,0,1,0,0
2020-03-02,152,5,0.03289473684210526,131,4,0.030534351145038167,0,0,0,0,0,0,0,6,0,0,5,0,0
2020-03-03,199,3,0.01507537688442211,164,2,0.012195121951219513,0,0,0,0,0,0,0,9,0,0,7,0,0
2020-03-04,117,0,0.0,92,0,0.0,0,0,0,0,0,0,0,9,0,0,7,0,0
2020-03-05,135,2,0.014814814814814815,110,2,0.01818181818181818,0,0,0,0,0,0,0,11,0,0,9,0,0
2020-03-06,250,4,0.016,213,4,0.018779342723004695,0,0,0,1,0,1,0,15,0,0,13,1,0
2020-03-07,306,4,0.013071895424836602,274,4,0.014598540145985401,0,0,0,0,0,0,0,19,0,0,17,1,0
2020-03-08,379,10,0.026385224274406333,333,10,0.03003003003003003,0,0,0,0,0,0,0,29,0,0,27,1,0
2020-03-09,475,4,0.008421052631578947,401,4,0.00997506234413965,0,0,0,1,0,1,0,33,0,0,31,2,0
2020-03-10,445,32,0.07191011235955057,394,30,0.07614213197969544,0,0,0,0,0,0,0,65,0,0,61,2,0
2020-03-11,336,20,0.05952380952380952,300,18,0.06,0,0,1,0,0,1,0,85,0,0,79,3,0
2020-03-12,559,20,0.03577817531305903,502,14,0.027888446215139442,0,0,0,0,0,0,0,105,0,0,93,3,0
2020-03-13,634,36,0.056782334384858045,559,35,0.0626118067978533,0,0,1,0,0,1,0,141,0,0,128,4,0
2020-03-14,576,31,0.05381944444444445,497,23,0.04627766599597585,0,0,0,0,0,0,0,172,0,0,151,4,0
2020-03-15,1021,40,0.039177277179236046,839,37,0.04410011918951132,0,0,2,0,0,2,0,212,0,0,188,6,0
2020-03-16,1061,71,0.06691800188501414,885,64,0.07231638418079096,0,0,0,1,0,1,0,283,0,0,252,7,0
2020-03-17,1366,93,0.06808199121522694,1113,86,0.07726864330637916,0,0,1,0,0,1,0,376,0,0,338,8,0
2020-03-18,1761,124,0.0704145371947757,1414,107,0.07567185289957568,0,0,5,2,0,7,0,500,0,0,445,15,0
2020-03-19,1749,135,0.07718696397941681,1470,121,0.08231292517006802,0,0,1,2,0,3,0,635,0,0,566,18,0
2020-03-20,1957,167,0.08533469596320899,1579,150,0.09499683343888538,0,0,3,2,0,5,1,802,0,0,716,23,1
2020-03-21,1776,217,0.12218468468468469,1448,208,0.143646408839779,0,0,3,1,0,4,0,1019,0,0,924,27,1
2020-03-22,2804,256,0.0912981455064194,2356,235,0.0997453310696095,0,0,7,3,0,10,0,1275,0,0,1159,37,1
2020-03-23,3016,343,0.11372679045092839,2529,304,0.12020561486753657,0,0,4,2,0,6,0,1618,0,0,1463,43,1
2020-03-24,4011,417,0.10396409872849663,3371,360,0.10679323642835954,0,0,7,4,0,11,3,2035,0,0,1823,54,4
2020-03-25,5144,415,0.0806765163297045,4410,372,0.08435374149659863,0,0,4,4,0,8,1,2450,0,0,2195,62,5
2020-03-26,5527,515,0.09317893975031663,4741,452,0.095338536173803,0,0,9,4,0,13,5,2965,0,0,2647,75,10
2020-03-27,4970,439,0.08832997987927566,4255,380,0.08930669800235018,0,0,4,5,0,9,2,3404,0,0,3027,84,12
2020-03-28,4739,476,0.10044313146233383,4077,396,0.09713024282560706,0,0,8,3,0,11,1,3880,0,0,3423,95,13
2020-03-29,6414,545,0.084970377299657,5676,476,0.08386187455954898,0,0,9,8,0,17,3,4425,0,0,3899,112,16
2020-03-30,6113,556,0.09095370521838704,5298,471,0.08890147225368063,0,0,19,3,0,22,1,4981,0,0,4370,134,17
2020-03-31,6691,728,0.10880286952622926,5827,592,0.10159601853440879,0,0,22,9,0,31,4,5709,0,0,4962,165,21
2020-04-01,7576,684,0.09028511087645195,6731,568,0.08438567820531867,0,0,27,9,0,36,8,6393,0,0,5530,201,29
2020-04-02,8287,684,0.08253891637504525,7217,578,0.08008867950672025,0,0,18,6,0,24,9,7077,0,0,6108,225,38
2020-04-03,9072,590,0.0650352733686067,7959,483,0.06068601583113457,0,0,27,8,1,36,5,7667,0,0,6591,261,43
2020-04-04,5345,430,0.08044901777362021,4621,330,0.07141311404457909,0,0,14,9,0,23,6,8097,0,0,6921,284,49
2020-04-05,7708,567,0.07355993772703684,6623,437,0.06598218330061906,0,0,19,2,0,21,7,8664,0,0,7358,305,56
2020-04-06,6044,435,0.07197220383851753,5228,320,0.061208875286916604,0,0,42,14,0,56,8,9099,0,0,7678,361,64
2020-04-07,5487,363,0.0661563696008748,4787,279,0.05828284938374765,0,0,23,8,1,32,8,9462,0,0,7957,393,72
2020-04-08,4641,338,0.07282913165266107,3974,246,0.06190236537493709,0,0,16,15,0,31,8,9800,0,0,8203,424,80
2020-04-09,4791,330,0.06887914840325611,4095,261,0.06373626373626373,0,0,12,6,0,18,9,10130,0,0,8464,442,89
2020-04-10,6098,380,0.06231551328304362,5434,301,0.055391976444608026,0,0,8,4,0,12,8,10510,0,0,8765,454,97
2020-04-11,5329,347,0.06511540626759242,4617,274,0.059345895603205544,0,0,17,16,0,33,6,10857,0,0,9039,487,103
2020-04-12,8003,501,0.06260152442833937,7066,381,0.05392018114916502,0,0,20,10,0,30,6,11358,0,0,9420,517,109
2020-04-13,8160,409,0.050122549019607845,7074,274,0.038733389878428046,0,0,19,17,0,36,9,11767,0,0,9694,553,118
2020-04-14,10572,394,0.03726825576995838,9663,293,0.030321846217530788,0,0,5,1,0,6,8,12161,0,0,9987,559,126
2020-04-15,7647,293,0.038315679351379625,6832,178,0.026053864168618268,0,0,16,4,0,20,13,12454,0,0,10165,579,139
2020-04-16,9904,276,0.027867528271405494,8879,202,0.022750309719563013,0,0,9,6,0,15,7,12730,0,0,10367,594,146
2020-04-17,9341,292,0.03126003639867252,8242,192,0.023295316670710994,0,0,3,5,0,8,9,13022,0,0,10559,602,155
2020-04-18,8368,294,0.035133843212237094,7298,194,0.026582625376815567,0,0,11,10,0,21,11,13316,0,0,10753,623,166
2020-04-19,8754,267,0.03050034270047978,7545,177,0.02345924453280318,0,0,8,4,0,12,8,13583,0,0,10930,635,174
2020-04-20,12153,277,0.022792726075866042,10543,174,0.01650384141136299,0,0,12,3,1,16,6,13860,0,0,11104,651,180
2020-04-21,10858,281,0.02587953582611899,9501,172,0.01810335754131144,0,0,11,6,0,17,10,14141,0,0,11276,668,190
2020-04-22,11112,222,0.01997840172786177,9651,134,0.01388457154698995,0,0,7,8,0,15,3,14363,0,0,11410,683,193
2020-04-23,11097,266,0.023970442461926648,9310,156,0.016756176154672394,0,0,4,1,0,5,4,14629,0,0,11566,688,197
2020-04-24,9712,241,0.02481466227347611,8400,142,0.016904761904761905,0,0,2,3,0,5,3,14870,0,0,11708,693,200
2020-04-25,6732,154,0.02287581699346405,5681,87,0.01531420524555536,0,0,3,1,0,4,3,15024,0,0,11795,697,203
2020-04-26,6206,86,0.013857557202707057,5415,56,0.010341643582640813,0,0,4,4,0,8,2,15110,0,0,11851,705,205
2020-04-27,8515,115,0.013505578391074574,7334,75,0.010226343059721843,0,0,6,0,0,6,4,15225,0,0,11926,711,209
2020-04-28,8355,158,0.01891083183722322,7036,88,0.012507106310403639,0,0,3,2,0,5,5,15383,0,0,12014,716,214
2020-04-29,7137,72,0.01008827238335435,6137,47,0.007658465048069089,0,0,3,3,0,6,6,15455,0,0,12061,722,220
2020-04-30,7121,129,0.018115433225670552,6232,68,0.010911424903722721,0,0,11,1,0,12,6,15584,0,0,12129,734,226
2020-05-01,8982,115,0.012803384546871521,7943,70,0.008812791136850056,0,0,3,2,0,5,4,15699,0,0,12199,739,230
2020-05-02,4932,56,0.0113544201135442,4323,28,0.006476983576220218,0,0,2,2,0,4,3,15755,0,0,12227,743,233
2020-05-03,6450,27,0.004186046511627907,5937,22,0.003705575206333165,0,0,6,0,0,6,3,15782,0,0,12249,749,236
2020-05-04,7638,50,0.006546216286986122,6705,24,0.0035794183445190158,0,0,4,1,0,5,3,15832,0,0,12273,754,239
2020-05-05,7648,35,0.004576359832635983,6738,26,0.00385871178391214,0,0,0,0,0,0,2,15867,0,0,12299,754,241
2020-05-06,7643,66,0.008635352610231585,6709,38,0.005664033387986287,0,0,1,1,0,2,1,15933,0,0,12337,756,242
2020-05-07,7836,52,0.006636038795303726,6954,38,0.00546448087431694,0,0,3,0,0,3,1,15985,0,0,12375,759,243
2020-05-08,6546,34,0.005194011610143599,5847,26,0.004446724816145032,0,0,0,0,0,0,6,16019,0,0,12401,759,249
2020-05-09,3650,19,0.0052054794520547945,3348,17,0.005077658303464755,0,0,1,0,0,1,3,16038,0,0,12418,760,252
2020-05-10,4470,26,0.0058165548098434005,4034,21,0.005205751115518097,0,0,3,2,0,5,4,16064,0,0,12439,765,256
2020-05-11,8249,39,0.004727845799490847,7367,24,0.003257771141577304,0,0,1,1,0,2,5,16103,0,0,12463,767,261
2020-05-12,6962,18,0.002585463947141626,6174,11,0.0017816650469711693,0,0,0,2,0,2,3,16121,0,0,12474,769,264
2020-05-13,6318,35,0.005539727761949984,5638,22,0.0039020929407591345,0,0,0,0,0,0,3,16156,0,0,12496,769,267
2020-05-14,5938,22,0.00370495116200741,5275,17,0.0032227488151658767,0,0,2,1,0,3,2,16178,0,0,12513,772,269
2020-05-15,4666,12,0.002571795970852979,4228,11,0.002601702932828761,0,0,0,0,0,0,0,16190,0,0,12524,772,269
2020-05-16,2231,5,0.0022411474675033617,2076,4,0.0019267822736030828,0,0,0,0,0,0,3,16195,0,0,12528,772,272
2020-05-17,4333,15,0.0034618047542118624,3932,7,0.001780264496439471,0,0,2,2,0,4,4,16210,0,0,12535,776,276
2020-05-18,5665,26,0.004589585172109444,4842,14,0.0028913672036348617,0,0,1,0,0,1,3,16236,0,0,12549,777,279
2020-05-19,5678,22,0.0038746037337090526,4900,13,0.002653061224489796,0,0,1,0,0,1,2,16258,0,0,12562,778,281
2020-05-20,5537,14,0.0025284450063211127,4759,11,0.002311409960075646,0,0,2,0,0,2,1,16272,0,0,12573,780,282
2020-05-21,4836,15,0.003101736972704715,4018,13,0.003235440517670483,0,0,0,0,0,0,0,16287,0,0,12586,780,282
2020-05-22,4084,20,0.004897159647404506,3562,15,0.004211117349803481,0,0,1,0,0,1,0,16307,0,0,12601,781,282
2020-05-23,1166,4,0.003430531732418525,1080,2,0.001851851851851852,0,0,1,0,0,1,0,16311,0,0,12603,782,282
2020-05-24,4166,12,0.0028804608737397984,3732,10,0.0026795284030010718,0,0,1,0,0,1,1,16323,0,0,12613,783,283
2020-05-25,5434,19,0.0034965034965034965,4614,13,0.0028175119202427396,0,0,0,1,0,1,2,16342,0,0,12626,784,285
2020-05-26,5739,43,0.0074925945286635305,5020,35,0.0069721115537848604,0,0,2,0,0,2,0,16385,0,0,12661,786,285
2020-05-27,4831,38,0.007865866280273236,4058,26,0.006407097092163627,0,0,1,1,1,3,2,16423,0,0,12687,789,287
2020-05-28,3926,69,0.017575140091696383,3245,43,0.01325115562403698,0,0,0,0,0,0,1,16492,0,0,12730,789,288
2020-05-29,2006,111,0.05533399800598205,1274,22,0.01726844583987441,0,0,0,1,0,1,0,16603,0,0,12752,790,288
2020-05-30,1765,31,0.017563739376770537,1488,17,0.0114247311827957,0,0,2,0,0,2,0,16634,0,0,12769,792,288
2020-05-31,5945,82,0.013793103448275862,4552,40,0.008787346221441126,0,0,3,0,0,3,0,16716,0,0,12809,795,288
2020-06-01,7874,94,0.011938023876047752,6178,58,0.009388151505341535,0,0,3,0,0,3,3,16810,0,0,12867,798,291
2020-06-02,10538,112,0.01062820269500854,7278,79,0.0108546303929651,0,0,2,0,0,2,2,16922,0,0,12946,800,293
2020-06-03,11773,91,0.00772955066677992,7873,62,0.00787501587704814,0,0,2,0,0,2,1,17013,0,0,13008,802,294
2020-06-04,13308,131,0.009843703035767959,8202,90,0.010972933430870519,0,0,0,3,0,3,0,17144,0,0,13098,805,294
2020-06-05,15420,121,0.007846952010376135,9667,79,0.008172131995448433,0,0,1,0,0,1,1,17265,0,0,13177,806,295
2020-06-06,11312,73,0.006453323903818953,6136,50,0.008148631029986962,0,0,3,1,0,4,4,17338,0,0,13227,810,299
2020-06-07,14860,132,0.008882907133243608,9703,100,0.010306090899721735,0,0,5,4,0,9,2,17470,0,0,13327,819,301
2020-06-08,14900,176,0.011812080536912751,9800,121,0.012346938775510205,0,0,3,0,0,3,0,17646,0,0,13448,822,301
2020-06-09,14034,159,0.011329628046173578,9109,98,0.010758590405093863,0,0,2,2,0,4,1,17805,0,0,13546,826,302
2020-06-10,16619,230,0.013839581202238401,11056,161,0.014562228654124458,0,0,2,1,0,3,1,18035,0,0,13707,829,303
2020-06-11,14276,180,0.012608573830204538,9365,105,0.011211959423384944,0,0,2,4,0,6,0,18215,0,0,13812,835,303
2020-06-12,12262,179,0.014597944870331104,8125,125,0.015384615384615385,0,0,3,2,0,5,0,18394,0,0,13937,840,303
2020-06-13,7092,147,0.020727580372250424,4852,85,0.017518549051937345,0,0,4,0,0,4,1,18541,0,0,14022,844,304
2020-06-14,8809,125,0.014190032920876377,6754,100,0.014806040864672786,0,0,7,1,0,8,2,18666,0,0,14122,852,306
2020-06-15,13818,198,0.014329135909683021,9520,141,0.014810924369747899,0,0,7,7,0,14,0,18864,0,0,14263,866,306
2020-06-16,15573,283,0.01817247800680665,11292,190,0.016826071555083245,0,0,4,2,0,6,1,19147,0,0,14453,872,307
2020-06-17,14687,258,0.017566555457207055,10472,192,0.01833460656990069,0,0,3,1,0,4,0,19405,0,0,14645,876,307
2020-06-18,15009,288,0.019188486907855285,10728,206,0.019202087994034302,0,0,4,1,0,5,0,19693,0,0,14851,881,307
2020-06-19,11582,297,0.02564323950958384,8024,221,0.02754237288135593,0,0,7,4,0,11,1,19990,0,0,15072,892,308
2020-06-20,5882,148,0.025161509690581434,3697,110,0.02975385447660265,0,0,3,2,0,5,1,20138,0,0,15182,897,309
2020-06-21,9603,177,0.018431740081224616,7417,133,0.017931778347040583,0,0,9,1,0,10,0,20315,0,0,15315,907,309
2020-06-22,12847,339,0.02638748345917335,8824,235,0.026631912964641884,0,0,5,0,0,5,1,20654,0,0,15550,912,310
2020-06-23,18220,443,0.024313940724478594,12959,296,0.022841268616405588,0,0,1,2,0,3,2,21097,0,0,15846,915,312
2020-06-24,17011,469,0.027570395626359413,11748,325,0.02766428328226081,0,0,0,3,0,3,3,21566,0,0,16171,918,315
2020-06-25,15743,507,0.03220478943022296,11161,383,0.03431592151240928,0,0,5,5,0,10,4,22073,0,0,16554,928,319
2020-06-26,15064,460,0.030536378120021242,9722,305,0.031372145649043406,0,0,8,5,0,13,3,22533,0,0,16859,941,322
2020-06-27,10528,385,0.036569148936170214,6898,273,0.03957668889533198,0,0,3,0,0,3,3,22918,0,0,17132,944,325
2020-06-28,10045,390,0.03882528621204579,7490,307,0.04098798397863818,0,0,11,4,0,15,2,23308,0,0,17439,959,327
2020-06-29,18829,743,0.03946040681926815,12934,517,0.039972166383176126,0,0,4,3,0,7,0,24051,0,0,17956,966,327
2020-06-30,18711,769,0.04109881887659665,13247,545,0.041141390503510226,0,0,10,7,0,17,1,24820,0,0,18501,983,328
2020-07-01,19218,953,0.04958892704755958,13868,700,0.0504759157773291,0,0,7,2,0,9,3,25773,0,0,19201,992,331
2020-07-02,22095,1120,0.05069020140303236,15987,788,0.049290048164133356,0,0,15,11,0,26,1,26893,0,0,19989,1018,332
2020-07-03,19348,955,0.0493591068844325,13518,683,0.05052522562509247,0,0,8,4,0,12,3,27848,0,0,20672,1030,335
2020-07-04,16793,822,0.048948966831417855,11792,601,0.05096675712347354,0,0,12,8,0,20,5,28670,0,0,21273,1050,340
2020-07-05,19243,820,0.04261289819674687,13846,582,0.042033800375559725,0,0,8,5,0,13,2,29490,0,0,21855,1063,342
2020-07-06,22681,1137,0.05013006481195714,16587,813,0.04901428829806475,0,0,10,7,0,17,8,30627,0,0,22668,1080,350
2020-07-07,25905,1383,0.05338737695425594,18190,956,0.0525563496426608,0,0,13,12,1,26,5,32010,0,0,23624,1106,355
2020-07-08,26596,1300,0.04887953075650474,18341,930,0.05070606837140832,0,0,12,16,0,28,5,33310,0,0,24554,1134,360
2020-07-09,26357,1495,0.056721174640512954,18150,1077,0.05933884297520661,0,0,10,18,0,28,5,34805,0,0,25631,1162,365
2020-07-10,22987,1389,0.06042545786749032,16001,954,0.0596212736703956,0,0,12,10,0,22,4,36194,0,0,26585,1184,369
2020-07-11,18808,1157,0.06151637601020842,12747,784,0.061504667764964306,0,0,10,11,0,21,5,37351,0,0,27369,1205,374
2020-07-12,19764,1239,0.06268973891924712,14552,908,0.06239692138537658,0,0,15,22,0,37,7,38590,0,0,28277,1242,381
2020-07-13,24985,1715,0.0686411847108265,18025,1221,0.06773925104022191,0,0,24,26,0,50,4,40305,0,0,29498,1292,385
2020-07-14,27624,1598,0.05784824790037649,20649,1124,0.05443362874715483,0,0,23,22,0,45,7,41903,0,0,30622,1337,392
2020-07-15,25481,1840,0.0722106667713198,18411,1261,0.06849166259301505,0,0,13,21,0,34,6,43743,0,0,31883,1371,398
2020-07-16,24786,1905,0.07685790365528927,18577,1326,0.07137858642407278,0,0,22,23,0,45,9,45648,0,0,33209,1416,407
2020-07-17,21573,1587,0.07356417744402725,16378,1070,0.06533154231285872,0,0,13,11,0,24,12,47235,0,0,34279,1440,419
2020-07-18,16802,1442,0.08582311629567908,12793,980,0.07660439302743688,0,0,10,22,0,32,8,48677,0,0,35259,1472,427
2020-07-19,17451,1016,0.05822015930319179,14451,751,0.05196872188775863,0,0,26,52,0,78,10,49693,0,0,36010,1550,437
2020-07-20,22951,1862,0.0811293625550085,17811,1301,0.07304474762787042,0,0,15,31,0,46,12,51555,0,0,37311,1596,449
2020-07-21,23714,1965,0.08286244412583284,18426,1305,0.07082383588407684,0,0,18,26,0,44,9,53520,0,0,38616,1640,458
2020-07-22,22112,2028,0.0917149059334298,16763,1342,0.08005726898526516,0,0,16,43,0,59,6,55548,0,0,39958,1699,464
2020-07-23,25728,1937,0.07528762437810946,19977,1297,0.0649246633628673,0,0,21,38,0,59,16,57485,0,0,41255,1758,480
2020-07-24,19296,1813,0.09395729684908789,14358,1168,0.08134837721131077,0,0,12,26,0,38,8,59298,0,0,42423,1796,488
2020-07-25,13861,1115,0.08044152658538345,11027,773,0.07010066201142649,0,0,18,15,0,33,7,60413,0,0,43196,1829,495
2020-07-26,11475,1035,0.09019607843137255,9010,710,0.07880133185349611,0,0,13,26,0,39,11,61448,0,0,43906,1868,506
2020-07-27,24142,2039,0.08445861983265678,18604,1431,0.0769189421629757,0,0,17,37,0,54,7,63487,0,0,45337,1922,513
2020-07-28,21581,2086,0.09665909828089524,16885,1382,0.08184779389991116,0,0,19,34,0,53,8,65573,0,0,46719,1975,521
2020-07-29,23816,1949,0.08183574067853544,18757,1236,0.06589539905102096,0,0,19,30,0,49,15,67522,0,0,47955,2024,536
2020-07-30,18618,1745,0.09372650123536362,14554,1135,0.0779854335577848,0,0,19,25,0,44,15,69267,0,0,49090,2068,551
2020-07-31,17607,1308,0.07428863520190833,14327,848,0.05918894395197878,0,0,12,19,0,31,14,70575,0,0,49938,2099,565
2020-08-01,7447,628,0.08432926010474016,5862,420,0.07164790174002048,0,0,21,24,0,45,14,71203,0,0,50358,2144,579
2020-08-02,9526,713,0.07484778500944783,7363,516,0.07008013038163792,0,0,17,30,0,47,11,71916,0,0,50874,2191,590
2020-08-03,22663,1804,0.07960111194457926,17895,1146,0.06404023470243085,0,0,20,30,0,50,15,73720,0,0,52020,2241,605
2020-08-04,25080,1724,0.06874003189792663,20649,1182,0.05724248147610054,0,0,21,40,0,61,11,75444,0,0,53202,2302,616
2020-08-05,24891,1691,0.0679362018400225,20364,1178,0.05784718130033392,0,0,16,23,0,39,10,77135,0,0,54380,2341,626
2020-08-06,27861,1677,0.060191665769355016,23480,1099,0.04680579216354344,0,0,20,26,2,48,9,78812,0,0,55479,2389,635
2020-08-07,24511,1753,0.07151890987719799,19927,1165,0.05846339137853164,0,0,22,25,0,47,12,80565,0,0,56644,2436,647
2020-08-08,8151,762,0.09348546190651454,6501,546,0.08398707891093678,0,0,25,28,0,53,13,81327,0,0,57190,2489,660
2020-08-09,11531,922,0.07995837308125922,9237,628,0.0679874418101115,0,0,30,33,0,63,8,82249,0,0,57818,2552,668
2020-08-10,23375,1695,0.07251336898395722,19261,1109,0.057577488188567574,0,0,17,25,2,44,15,83944,0,0,58927,2596,683
2020-08-11,26557,1819,0.06849418232481079,22193,1284,0.057856080746181225,0,0,17,32,0,49,11,85763,0,0,60211,2645,694
2020-08-12,25308,1621,0.06405089299826142,21223,1156,0.05446920793478773,0,0,13,24,1,38,15,87384,0,0,61367,2683,709
2020-08-13,27823,1644,0.05908780505337311,23878,1110,0.0464863053857107,0,0,17,28,0,45,16,89028,0,0,62477,2728,725
2020-08-14,20071,1394,0.06945344028698122,16515,955,0.05782621858916137,0,0,20,25,0,45,12,90422,0,0,63432,2773,737
2020-08-15,8875,775,0.08732394366197183,7149,561,0.07847251363827108,0,0,16,20,0,36,10,91197,0,0,63993,2809,747
2020-08-16,11616,1046,0.09004820936639119,9279,757,0.08158206703308546,0,0,18,36,1,55,19,92243,0,0,64750,2864,766
2020-08-17,24870,1656,0.06658624849215923,20308,1167,0.05746503840850896,0,0,22,26,45,93,4,93899,0,0,65917,2957,770
2020-08-18,26796,1648,0.061501716674130465,22340,1139,0.05098478066248881,0,0,22,38,3,63,14,95547,0,0,67056,3020,784
2020-08-19,27227,1644,0.06038123921107724,22361,1111,0.0496847189302804,0,0,22,28,2,52,12,97191,0,0,68167,3072,796
2020-08-20,27861,1496,0.05369512939234055,22954,1048,0.045656530452208764,0,0,17,28,5,50,12,98687,0,0,69215,3122,808
2020-08-21,26353,1487,0.056426213334345235,20165,1040,0.05157451029010662,0,0,19,21,1,41,13,100174,0,0,70255,3163,821
2020-08-22,10513,719,0.06839151526681252,7773,494,0.06355332561430593,0,0,16,18,3,37,10,100893,0,0,70749,3200,831
2020-08-23,12631,966,0.07647850526482464,9385,738,0.07863612147043154,0,0,15,41,2,58,13,101859,0,0,71487,3258,844
2020-08-24,28776,1895,0.06585348901862663,22488,1389,0.061766275346851654,0,0,28,41,7,76,16,103754,0,0,72876,3334,860
2020-08-25,32812,1958,0.0596732902596611,25444,1367,0.053725829272127025,0,0,20,30,4,54,19,105712,0,0,74243,3388,879
2020-08-26,33088,1946,0.058812862669245645,27382,1403,0.051238039588050545,0,0,14,34,8,56,11,107658,0,0,75646,3444,890
2020-08-27,35187,2067,0.05874328587262341,28881,1394,0.04826702676500121,0,0,20,36,4,60,11,109725,0,0,77040,3504,901
2020-08-28,22343,1833,0.0820391173969476,17830,1282,0.07190128996074033,0,0,22,29,1,52,12,111558,0,0,78322,3556,913
2020-08-29,10151,910,0.08964634026204314,8040,643,0.07997512437810946,0,0,11,22,3,36,5,112468,0,0,78965,3592,918
2020-08-30,12944,1107,0.08552224969097652,10709,827,0.07722476421701373,0,0,15,34,5,54,14,113575,0,0,79792,3646,932
2020-08-31,30622,2180,0.07119064724707727,24702,1551,0.06278843818314307,0,0,27,25,4,56,23,115755,0,0,81343,3702,955
2020-09-01,27507,2252,0.08187006943687061,21900,1443,0.0658904109589041,0,0,17,28,5,50,15,118007,0,0,82786,3752,970
2020-09-02,34560,3193,0.0923900462962963,27267,1965,0.0720651336780724,0,0,19,39,1,59,14,121200,0,0,84751,3811,984
2020-09-03,33960,2661,0.07835689045936396,27484,1682,0.061199243196041336,0,0,10,18,3,31,16,123861,0,0,86433,3842,1000
2020-09-04,30718,2622,0.0853571196041409,22658,1650,0.07282196133815871,0,0,8,30,1,39,12,126483,0,0,88083,3881,1012
2020-09-05,15280,1505,0.09849476439790576,11465,1023,0.08922808547754034,0,0,19,31,10,60,15,127988,0,0,89106,3941,1027
2020-09-06,18712,2176,0.11628901239846089,13698,1406,0.102642721565192,0,0,23,39,4,66,12,130164,0,0,90512,4007,1039
2020-09-07,40000,3388,0.0847,28869,2194,0.07599847587377463,0,0,22,31,4,57,17,133552,0,0,92706,4064,1056
2020-09-08,44383,3489,0.07861117995628956,32008,2242,0.0700449887528118,0,0,20,38,6,64,20,137041,0,0,94948,4128,1076
2020-09-09,45094,3995,0.08859271743469198,31901,2440,0.07648663051315006,0,0,29,55,4,88,16,141036,0,0,97388,4216,1092
2020-09-10,47355,4161,0.08786822933164397,32760,2648,0.08083028083028083,0,0,20,47,7,74,14,145197,0,0,100036,4290,1106
2020-09-11,42766,3976,0.09297105177009773,28846,2574,0.08923247590653817,0,0,27,33,6,66,20,149173,0,0,102610,4356,1126
2020-09-12,29765,2717,0.09128170670250293,20731,1668,0.08045921566735806,0,0,23,50,1,74,15,151890,0,0,104278,4430,1141
2020-09-13,33858,3173,0.09371492704826039,23823,2076,0.08714267724467951,0,0,25,38,3,66,17,155063,0,0,106354,4496,1158
2020-09-14,46253,4805,0.10388515339545543,32078,3140,0.09788640189538002,0,0,31,49,7,87,20,159868,0,0,109494,4583,1178
2020-09-15,56277,5540,0.09844163690317537,37928,3551,0.09362476270828939,0,0,29,44,3,76,16,165408,0,0,113045,4659,1194
2020-09-16,52926,4582,0.0865737066848052,36581,2973,0.08127169842267844,0,0,36,54,8,98,26,169990,0,0,116018,4757,1220
2020-09-17,57432,5388,0.09381529460927705,38180,3527,0.09237820848611838,0,0,20,54,21,95,17,175378,0,0,119545,4852,1237
2020-09-18,53198,5345,0.10047370201887289,35206,3376,0.09589274555473498,0,0,24,50,11,85,21,180723,0,0,122921,4937,1258
2020-09-19,41743,3810,0.09127278825192248,29860,2515,0.08422638981915606,0,0,26,47,12,85,28,184533,0,0,125436,5022,1286
2020-09-20,23495,2579,0.10976803575228772,16551,1907,0.11521962419189173,0,0,29,54,5,88,21,187112,0,0,127343,5110,1307
2020-09-21,33398,3868,0.11581531828253189,25094,2779,0.1107436040487766,0,0,29,72,7,108,32,190980,0,0,130122,5218,1339
2020-09-22,61048,7023,0.11504062377145853,45747,4715,0.10306686777275012,0,0,32,56,8,96,26,198003,0,0,134837,5314,1365
2020-09-23,57692,7126,0.12351799209595785,42471,4912,0.11565538838266111,0,0,32,60,5,97,25,205129,0,0,139749,5411,1390
2020-09-24,66115,8236,0.12457082356500038,48694,5509,0.11313508851193166,0,0,34,62,18,114,31,213365,0,0,145258,5525,1421
2020-09-25,61148,8389,0.13719173153659972,43849,5526,0.1260233984811512,0,0,27,70,8,105,30,221754,0,0,150784,5630,1451
2020-09-26,45026,5881,0.13061342335539466,32004,3934,0.12292213473315836,0,0,37,59,10,106,26,227635,0,0,154718,5736,1477
2020-09-27,24166,3415,0.1413142431515352,17624,2455,0.13929868361325465,0,0,26,84,16,126,32,231050,0,0,157173,5862,1509
2020-09-28,7671,1159,0.15108851518706817,5706,828,0.14511041009463724,0,0,34,52,11,97,28,232209,0,0,158001,5959,1537
2020-09-29,33076,4991,0.15089490869512637,23719,3406,0.1435979594417977,0,0,33,87,13,133,35,237200,0,0,161407,6092,1572
2020-09-30,67552,9064,0.1341781146376125,48753,5885,0.12071052037823314,0,0,28,77,15,120,37,246264,0,0,167292,6212,1609
2020-10-01,63589,7731,0.12157763135133436,47395,5332,0.1125013187045047,0,0,48,79,11,138,46,253995,0,0,172624,6350,1655
2020-10-02,59770,7059,0.11810272712062908,44672,4759,0.1065320558739255,0,0,28,64,6,98,25,261054,0,0,177383,6448,1680
2020-10-03,23477,2595,0.11053371384759551,18813,1823,0.0969010790410886,0,0,36,46,10,92,38,263649,0,0,179206,6540,1718
2020-10-04,24802,2938,0.11845818885573745,18885,2077,0.10998146677257083,0,0,31,79,7,117,37,266587,0,0,181283,6657,1755
2020-10-05,49650,5721,0.11522658610271903,37595,3815,0.10147626014097619,0,0,35,65,14,114,27,272308,0,0,185098,6771,1782
2020-10-06,44654,4724,0.10579119451784834,33886,3140,0.09266363690019477,0,0,23,55,9,87,45,277032,0,0,188238,6858,1827
2020-10-07,46424,4165,0.08971652593486128,36253,2793,0.07704189998069125,0,0,34,61,8,103,26,281197,0,0,191031,6961,1853
2020-10-08,47114,3755,0.07970030139661247,37062,2567,0.06926231719820841,0,0,47,58,11,116,47,284952,0,0,193598,7077,1900
2020-10-09,35148,2963,0.08430067144645499,26819,1899,0.07080800924717551,0,0,35,45,7,87,40,287915,0,0,195497,7164,1940
2020-10-10,12261,916,0.07470842508767638,9857,626,0.06350816678502587,0,0,19,30,4,53,35,288831,0,0,196123,7217,1975
2020-10-11,21245,1646,0.07747705342433514,16428,1139,0.06933284635987338,0,0,29,55,8,92,46,290477,0,0,197262,7309,2021
2020-10-12,44255,3169,0.07160772794034573,33882,2021,0.05964819077976507,0,0,27,38,4,69,30,293646,0,0,199283,7378,2051
2020-10-13,42345,2336,0.055165899161648366,34321,1603,0.04670609830715888,0,0,21,42,7,70,38,295982,0,0,200886,7448,2089
2020-10-14,38590,2118,0.05488468515159368,31526,1427,0.045264226352851614,0,0,21,48,11,80,35,298100,0,0,202313,7528,2124
2020-10-15,35460,1612,0.045459672870840385,29100,1045,0.0359106529209622,0,0,23,33,10,66,30,299712,0,0,203358,7594,2154
2020-10-16,32880,1500,0.04562043795620438,26419,1038,0.039289904992618946,0,0,20,22,9,51,36,301212,0,0,204396,7645,2190
2020-10-17,14184,412,0.0290468133107727,12798,325,0.025394592905141428,0,0,11,23,3,37,32,301624,0,0,204721,7682,2222
2020-10-18,26008,922,0.03545063057520763,21672,663,0.03059246954595792,0,0,16,33,5,54,33,302546,0,0,205384,7736,2255
2020-10-19,39761,1517,0.03815296395965896,31904,1064,0.03335005015045135,0,0,18,32,7,57,32,304063,0,0,206448,7793,2287
2020-10-20,40492,1193,0.029462609898251505,32345,770,0.023805843252434688,0,0,13,19,9,41,20,305256,0,0,207218,7834,2307
2020-10-21,41394,1172,0.02831328211818138,32538,767,0.02357243837974061,0,0,11,24,6,41,25,306428,0,0,207985,7875,2332
2020-10-22,33670,1032,0.03065043065043065,26285,699,0.02659311394331368,0,0,6,28,1,35,29,307460,0,0,208684,7910,2361
2020-10-23,29238,849,0.029037553868253643,22593,569,0.025184791749656973,0,0,13,16,2,31,26,308309,0,0,209253,7941,2387
2020-10-24,6299,246,0.03905381806635974,5278,197,0.03732474422129595,0,0,11,21,4,36,27,308555,0,0,209450,7977,2414
2020-10-25,20694,607,0.029332173576882187,15945,458,0.02872373784885544,0,0,5,13,8,26,35,309162,0,0,209908,8003,2449
2020-10-26,39265,884,0.022513689036037184,29972,647,0.021586814360069397,0,0,9,18,3,30,28,310046,0,0,210555,8033,2477
2020-10-27,40115,887,0.022111429639785615,33458,599,0.01790304262059896,0,0,10,19,2,31,28,310933,0,0,211154,8064,2505
2020-10-28,33830,723,0.021371563700857226,28337,504,0.01778593358506546,0,0,13,12,5,30,10,311656,0,0,211658,8094,2515
2020-10-29,36320,644,0.017731277533039647,30260,455,0.015036351619299405,0,0,6,12,5,23,19,312300,0,0,212113,8117,2534
2020-10-30,31684,680,0.021461936624163614,25608,491,0.019173695720087473,0,0,3,6,1,10,12,312980,0,0,212604,8127,2546
2020-10-31,7710,228,0.029571984435797664,6493,185,0.028492222393346683,0,0,7,10,1,18,25,313208,0,0,212789,8145,2571
2020-11-01,21840,658,0.03012820512820513,16493,491,0.029770205541744983,0,0,8,18,5,31,19,313866,0,0,213280,8176,2590
2020-11-02,34467,788,0.02286244813879943,27044,562,0.020780949563674014,0,0,4,21,1,26,15,314654,0,0,213842,8202,2605
2020-11-03,40177,845,0.021031933693406675,31796,596,0.018744496163039377,0,0,6,18,6,30,26,315499,0,0,214438,8232,2631
2020-11-04,38662,769,0.01989033159174383,31061,563,0.01812562377257654,0,0,8,11,4,23,16,316268,0,0,215001,8255,2647
2020-11-05,34446,570,0.016547639784009756,27480,418,0.015211062590975254,0,0,9,9,4,22,14,316838,0,0,215419,8277,2661
2020-11-06,30708,691,0.022502279536277193,23530,530,0.02252443688907777,0,0,6,13,3,22,16,317529,0,0,215949,8299,2677
2020-11-07,8073,212,0.026260374086461043,6144,155,0.025227864583333332,0,0,3,14,2,19,8,317741,0,0,216104,8318,2685
2020-11-08,21480,534,0.024860335195530728,16294,394,0.024180680004909784,0,0,4,14,6,24,7,318275,0,0,216498,8342,2692
2020-11-09,34367,719,0.020921232577763554,26534,527,0.019861310017336247,0,0,4,13,1,18,6,318994,0,0,217025,8360,2698
2020-11-10,40537,675,0.016651454227002493,32885,485,0.014748365516192793,0,0,5,7,3,15,10,319669,0,0,217510,8375,2708
2020-11-11,39502,764,0.019340792871247025,30622,556,0.01815688067402521,0,0,7,18,8,33,7,320433,0,0,218066,8408,2715
2020-11-12,39299,836,0.021272805923814857,29790,601,0.02017455521987244,0,0,8,12,7,27,12,321269,0,0,218667,8435,2727
2020-11-13,35008,761,0.021737888482632542,25881,543,0.02098064216993161,0,0,5,12,1,18,5,322030,0,0,219210,8453,2732
2020-11-14,12642,291,0.023018509729473186,9225,209,0.022655826558265584,0,0,6,10,1,17,12,322321,0,0,219419,8470,2744
2020-11-15,23291,625,0.02683439955347559,17329,472,0.027237578625425588,0,0,3,19,2,24,9,322946,0,0,219891,8494,2753
2020-11-16,47833,873,0.01825099826479627,37586,642,0.017080827967860375,0,0,5,20,3,28,8,323819,0,0,220533,8522,2761
2020-11-17,55439,829,0.014953372174822779,43818,614,0.014012506275959652,0,0,8,14,3,25,12,324648,0,0,221147,8547,2773
2020-11-18,45625,795,0.017424657534246574,36664,589,0.016064804713070042,0,0,8,15,4,27,7,325443,0,0,221736,8574,2780
2020-11-19,55133,771,0.0139843650808046,42009,542,0.012901997191078103,0,0,4,16,3,23,8,326214,0,0,222278,8597,2788
2020-11-20,43205,773,0.017891447749103114,32608,551,0.016897693817468105,0,0,7,10,4,21,6,326987,0,0,222829,8618,2794
2020-11-21,15592,422,0.02706516162134428,11841,297,0.02508234101849506,0,0,8,16,4,28,12,327409,0,0,223126,8646,2806
2020-11-22,34294,762,0.02221963025602146,26547,559,0.021056993257241873,0,0,6,19,1,26,16,328171,0,0,223685,8672,2822
2020-11-23,52482,959,0.018272931671811286,41495,680,0.016387516568261238,0,0,10,19,3,32,7,329130,0,0,224365,8704,2829
2020-11-24,58704,857,0.014598664486236031,47441,634,0.013363967875887945,0,0,7,16,2,25,6,329987,0,0,224999,8729,2835
2020-11-25,59620,1079,0.018097953706809795,47040,789,0.01677295918367347,0,0,8,18,1,27,5,331066,0,0,225788,8756,2840
2020-11-26,53342,1087,0.02037793858497994,39125,781,0.019961661341853034,0,0,6,13,2,21,9,332153,0,0,226569,8777,2849
2020-11-27,47944,1031,0.02150425496412481,35751,741,0.020726692959637492,0,0,5,16,2,23,7,333184,0,0,227310,8800,2856
2020-11-28,17169,582,0.03389830508474576,13351,431,0.03228222605048311,0,0,4,8,1,13,9,333766,0,0,227741,8813,2865
2020-11-29,39508,1024,0.025918801255441937,28758,782,0.027192433409833787,0,0,7,15,1,23,10,334790,0,0,228523,8836,2875
2020-11-30,57512,1253,0.021786757546251218,43352,935,0.021567632404502674,0,0,12,15,7,34,7,336043,0,0,229458,8870,2882
2020-12-01,63960,1199,0.018746091307066916,49275,866,0.017574835109081685,0,0,12,23,6,41,10,337242,0,0,230324,8911,2892
2020-12-02,71253,1588,0.022286780907470563,52647,1143,0.02171063878283663,0,0,22,19,4,45,5,338830,0,0,231467,8956,2897
2020-12-03,64160,1451,0.022615336658354114,47498,1036,0.021811444692408102,0,0,10,22,7,39,10,340281,0,0,232503,8995,2907
2020-12-04,60382,1514,0.0250736974595078,44508,1081,0.024287768491057786,0,0,14,26,4,44,10,341795,0,0,233584,9039,2917
2020-12-05,25347,1000,0.039452400678581294,18329,707,0.038572753559932345,0,0,5,17,3,25,10,342795,0,0,234291,9064,2927
2020-12-06,42057,1364,0.032432175381030506,30300,1004,0.033135313531353135,0,0,9,22,7,38,8,344159,0,0,235295,9102,2935
2020-12-07,66071,1860,0.02815153395589593,48785,1353,0.027733934611048477,0,0,15,22,3,40,7,346019,0,0,236648,9142,2942
2020-12-08,69133,1768,0.02557389379890935,50543,1294,0.025601962685238313,0,0,14,20,6,40,12,347787,0,0,237942,9182,2954
2020-12-09,73845,1866,0.025269144830387974,54036,1338,0.024761270264268265,0,0,13,23,1,37,14,349653,0,0,239280,9219,2968
2020-12-10,76319,2006,0.026284411483378976,53807,1449,0.026929581652944783,0,0,20,17,4,41,13,351659,0,0,240729,9260,2981
2020-12-11,75665,1835,0.024251635498579265,52655,1298,0.024651030291520274,0,0,9,31,4,44,12,353494,0,0,242027,9304,2993
2020-12-12,43976,1296,0.029470620338366383,30532,936,0.030656360539761562,0,0,6,22,6,34,16,354790,0,0,242963,9338,3009
2020-12-13,50496,1729,0.03424033586818758,35068,1246,0.035530968404243184,0,0,13,39,7,59,9,356519,0,0,244209,9397,3018
2020-12-14,72189,2315,0.032068597708792196,52525,1621,0.030861494526415994,0,0,20,29,5,54,11,358834,0,0,245830,9451,3029
2020-12-15,82293,2891,0.03513057003633359,61384,1988,0.03238628958686303,0,0,20,28,5,53,12,361725,0,0,247818,9504,3041
2020-12-16,82442,2853,0.03460614735207782,61657,2033,0.03297273626676614,0,0,20,32,1,53,14,364578,0,0,249851,9557,3055
2020-12-17,79094,2846,0.03598250183326169,58386,2002,0.034289041893604634,0,0,16,38,11,65,17,367424,0,0,251853,9622,3072
2020-12-18,75399,2792,0.03702966882849905,53341,1967,0.03687594908231941,0,0,16,28,1,45,16,370216,0,0,253820,9667,3088
2020-12-19,60953,1886,0.03094187324659984,42030,1362,0.03240542469664525,63,0,18,28,11,57,19,372102,63,0,255182,9724,3107
2020-12-20,72054,3093,0.04292613872928637,48293,2218,0.045927981280930986,7167,0,23,32,8,63,19,375195,7230,0,257400,9787,3126
2020-12-21,92276,3783,0.04099657549091855,62775,2633,0.041943448825169254,24753,0,23,34,7,64,16,378978,31983,0,260033,9851,3142
2020-12-22,93452,4376,0.046826178144930015,65908,2940,0.0446076348849912,44496,0,25,43,5,73,13,383354,76479,0,262973,9924,3155
2020-12-23,97727,4035,0.04128848731670879,67541,2848,0.04216698005655824,62639,0,26,38,6,70,25,387389,139118,0,265821,9994,3180
2020-12-24,100722,4055,0.040259327654335694,68405,2802,0.040961917988451134,73323,0,22,37,4,63,15,391444,212441,0,268623,10057,3195
2020-12-25,85325,4012,0.04702021681804864,58329,2654,0.04550052289598656,38663,0,19,42,10,71,20,395456,251104,0,271277,10128,3215
2020-12-26,63668,2659,0.041763523276999434,43234,1904,0.04403941342461951,32787,0,7,41,10,58,23,398115,283891,0,273181,10186,3238
2020-12-27,71609,3528,0.049267550168274936,46880,2492,0.053156996587030714,104809,0,33,39,13,85,21,401643,388700,0,275673,10271,3259
2020-12-28,98070,5519,0.056276129295401246,64723,3646,0.05633237025477805,135575,0,18,50,8,76,33,407162,524275,0,279319,10347,3292
2020-12-29,97843,5639,0.057633146980366506,64096,3644,0.05685222166749875,156984,0,25,50,8,83,26,412801,681259,0,282963,10430,3318
2020-12-30,101523,5868,0.05779971041044887,65122,3816,0.058597708915573844,154032,0,18,63,8,89,16,418669,835291,0,286779,10519,3334
2020-12-31,101833,5876,0.05770231653786101,64174,3781,0.05891794184560725,159193,0,17,59,11,87,36,424545,994484,0,290560,10606,3370
2021-01-01,99334,6022,0.060623754202991924,60271,3793,0.06293242189444342,72043,0,27,65,6,98,35,430567,1066527,0,294353,10704,3405
2021-01-02,75915,4218,0.05556214186919581,45523,2782,0.061111965380137516,72299,0,21,39,8,68,27,434785,1138826,0,297135,10772,3432
2021-01-03,78442,5230,0.0666734657453915,48457,3508,0.07239408135047568,150759,0,32,53,14,99,26,440015,1289585,0,300643,10871,3458
2021-01-04,109529,8405,0.07673766764966355,67583,5287,0.07822973232913602,152877,2,41,75,9,125,37,448420,1442462,2,305930,10996,3495
2021-01-05,114385,8236,0.07200244787340998,69809,5192,0.07437436433697661,126418,0,23,75,9,107,24,456656,1568880,2,311122,11103,3519
2021-01-06,120529,7878,0.06536186312007898,74491,5062,0.06795451799546254,104641,0,24,80,10,114,44,464534,1673521,2,316184,11217,3563
2021-01-07,115651,7644,0.06609540773534167,74599,4903,0.06572474161852035,117236,3,46,72,16,134,48,472178,1790757,5,321087,11351,3611
2021-01-08,114619,8160,0.07119238520664113,74061,5149,0.0695237709455719,67089,3,19,61,11,91,46,480338,1857846,8,326236,11442,3657
2021-01-09,78516,5156,0.06566814407254572,49878,3267,0.06549981955972572,44977,22,26,65,10,101,21,485494,1902823,30,329503,11543,3678
2021-01-10,94461,6937,0.07343771503583489,59442,4277,0.07195249150432355,38095,5813,39,96,5,140,44,492431,1940918,5843,333780,11683,3722
2021-01-11,123495,9712,0.07864286003481923,80662,5932,0.07354144454637872,21415,19118,33,84,13,130,29,502143,1962333,24961,339712,11813,3751
2021-01-12,118147,9295,0.07867317832869222,78716,5753,0.07308552263834545,24234,35509,35,73,11,119,56,511438,1986567,60470,345465,11932,3807
2021-01-13,119338,9470,0.07935443865323702,79779,5819,0.07293899397084445,52416,56607,38,88,13,139,57,520908,2038983,117077,351284,12071,3864
2021-01-14,121814,9295,0.07630485822647644,81142,5834,0.07189864681669172,56784,68633,33,81,19,133,59,530203,2095767,185710,357118,12204,3923
2021-01-15,99519,8427,0.08467729780242969,65146,5071,0.07784054278083075,30984,36057,27,82,11,120,51,538630,2126751,221767,362189,12324,3974
2021-01-16,70175,5088,0.0725044531528322,45320,3203,0.07067519858781994,29694,26132,28,52,13,93,48,543718,2156445,247899,365392,12417,4022
2021-01-17,62683,5648,0.09010417497567123,43014,3574,0.08308922676337936,68366,84294,45,89,22,156,58,549366,2224811,332193,368966,12573,4080
2021-01-18,99086,10114,0.1020729467331409,68309,6028,0.0882460583524865,69442,119701,35,82,14,131,47,559480,2294253,451894,374994,12704,4127
2021-01-19,93240,8621,0.09246031746031746,67581,5211,0.07710747103475829,72543,136937,40,81,21,142,44,568101,2366796,588831,380205,12846,4171
2021-01-20,90571,8360,0.0923032758830089,65406,5058,0.07733235482983213,76454,142940,37,76,15,128,54,576461,2443250,731771,385263,12974,4225
2021-01-21,80084,7270,0.09077968133459867,57557,4332,0.07526452038848445,69480,163277,30,62,25,117,49,583731,2512730,895048,389595,13091,4274
2021-01-22,83406,7388,0.08857875932187133,59105,4187,0.07084003045427628,37667,70723,30,63,11,104,66,591119,2550397,965771,393782,13195,4340
2021-01-23,30086,2447,0.08133351060293824,21739,1547,0.07116242697456185,39792,53324,23,78,16,117,52,593566,2590189,1019095,395329,13312,4392
2021-01-24,52707,4945,0.09382055514447796,36955,3100,0.08388580706264376,68849,139928,42,72,19,133,79,598511,2659038,1159023,398429,13445,4471
2021-01-25,88426,8724,0.09865876552145296,61535,4922,0.07998699926870886,80622,138773,30,87,13,130,61,607235,2739660,1297796,403351,13575,4532
2021-01-26,80797,7787,0.09637734074284936,57476,4531,0.0788329041686965,78401,125552,25,95,24,144,53,615022,2818061,1423348,407882,13719,4585
2021-01-27,83160,7726,0.09290524290524291,59334,4562,0.07688677655307244,77550,124306,27,71,11,109,62,622748,2895611,1547654,412444,13828,4647
2021-01-28,75879,7120,0.0938336035003097,52852,4259,0.08058351623401196,79314,129871,25,87,15,127,49,629868,2974925,1677525,416703,13955,4696
2021-01-29,71665,6712,0.09365799204632666,48894,3963,0.08105288992514419,36482,64460,24,55,15,94,44,636580,3011407,1741985,420666,14049,4740
2021-01-30,26023,2599,0.09987318910194827,18092,1543,0.08528631439310193,34233,42604,22,49,9,80,38,639179,3045640,1784589,422209,14129,4778
2021-01-31,53195,5166,0.09711439045023028,37109,3159,0.08512759707887574,73081,59175,29,66,5,100,51,644345,3118721,1843764,425368,14229,4829
2021-02-01,88681,8831,0.09958164657592945,61616,5167,0.08385808880810179,82096,35155,31,64,9,104,47,653176,3200817,1878919,430535,14333,4876
2021-02-02,84737,7943,0.09373709241535574,59148,4611,0.07795698924731183,69750,30836,32,82,25,139,61,661119,3270567,1909755,435146,14472,4937
2021-02-03,82209,7373,0.0896860441070929,57194,4214,0.07367905724376683,59983,51107,30,89,15,134,57,668492,3330550,1960862,439360,14606,4994
2021-02-04,80657,7179,0.08900653384083217,54333,3995,0.07352805845434635,72318,57787,32,71,19,122,49,675671,3402868,2018649,443355,14728,5043
2021-02-05,80847,6526,0.08072037305032964,53804,3787,0.0703851014794439,33740,28607,20,74,15,109,33,682197,3436608,2047256,447142,14837,5076
2021-02-06,27811,2629,0.09453094099457049,18430,1573,0.08534997287032013,21498,22105,22,55,16,93,53,684826,3458106,2069361,448715,14930,5129
2021-02-07,51137,4564,0.08925044488335256,34533,2791,0.08082124344829583,54115,68143,24,67,13,104,44,689390,3512221,2137504,451506,15034,5173
2021-02-08,87244,7777,0.08914080051350236,58192,4448,0.0764366235908716,58663,64760,32,71,13,116,30,697167,3570884,2202264,455954,15150,5203
2021-02-09,77869,6109,0.0784522724062207,53048,3443,0.06490348363746042,66297,66842,30,62,17,109,42,703276,3637181,2269106,459397,15259,5245
2021-02-10,73943,5628,0.0761126813897191,50757,3200,0.06304549126228895,70247,71742,31,79,13,123,33,708904,3707428,2340848,462597,15382,5278
2021-02-11,73096,4963,0.06789701214840757,48794,2898,0.05939254826413084,80745,71355,29,55,10,94,31,713867,3788173,2412203,465495,15476,5309
2021-02-12,64781,4612,0.07119371420632593,42109,2632,0.06250445272982023,38892,37335,33,49,11,93,40,718479,3827065,2449538,468127,15569,5349
2021-02-13,23822,1865,0.07828897657627404,15654,1138,0.0726970742302287,27359,30292,13,58,12,83,29,720344,3854424,2479830,469265,15652,5378
2021-02-14,44717,3448,0.07710714046112217,29707,2145,0.07220520416063554,74458,68705,27,75,21,123,37,723792,3928882,2548535,471410,15775,5415
2021-02-15,67391,5147,0.07637518362986155,45914,3011,0.06557912619244675,81153,75280,32,66,12,110,16,728939,4010035,2623815,474421,15885,5431
2021-02-16,70570,4523,0.06409239053422135,48132,2629,0.054620626610155404,83103,77851,21,51,11,83,43,733462,4093138,2701666,477050,15968,5474
2021-02-17,61146,4022,0.0657769927713996,40093,2395,0.059736113536028736,61536,75100,26,59,12,97,27,737484,4154674,2776766,479445,16065,5501
2021-02-18,49673,3245,0.06532724015058483,32811,1866,0.05687117125354302,68774,79196,21,52,12,85,34,740729,4223448,2855962,481311,16150,5535
2021-02-19,60029,3720,0.06197004781022506,35963,2142,0.059561215693907626,39469,37914,15,40,10,65,22,744449,4262917,2893876,483453,16215,5557
2021-02-20,18700,1239,0.0662566844919786,11365,719,0.06326440827100747,31502,28518,14,42,10,66,25,745688,4294419,2922394,484172,16281,5582
2021-02-21,47557,3026,0.06362890846773346,29588,1791,0.06053129647154252,79056,78159,16,46,12,74,24,748714,4373475,3000553,485963,16355,5606
2021-02-22,66722,4711,0.07060639669074668,42630,2697,0.06326530612244897,84605,79949,30,68,16,114,16,753425,4458080,3080502,488660,16469,5622
2021-02-23,70571,4390,0.06220685550721968,46797,2497,0.05335812124708849,76913,69897,16,47,13,76,34,757815,4534993,3150399,491157,16545,5656
2021-02-24,72557,4282,0.059015670438413936,44878,2471,0.05506038593520211,60656,62586,23,52,11,86,27,762097,4595649,3212985,493628,16631,5683
2021-02-25,66892,3751,0.05607546492854153,39229,2061,0.052537663463254225,51152,64225,22,53,15,90,24,765848,4646801,3277210,495689,16721,5707
2021-02-26,63130,3763,0.05960715982892444,34619,2079,0.06005372772177128,24837,30934,19,34,15,68,22,769611,4671638,3308144,497768,16789,5729
2021-02-27,23470,1421,0.060545377077119725,12985,828,0.06376588371197536,17452,20373,22,39,8,69,27,771032,4689090,3328517,498596,16858,5756
2021-02-28,51983,3013,0.05796125656464613,29388,1690,0.05750646522390091,39049,53847,26,44,13,83,22,774045,4728139,3382364,500286,16941,5778
2021-03-01,0,0,,0,0,,45395,61019,21,71,12,104,18,774045,4773534,3443383,500286,17045,5796
2021-03-02,0,0,,0,0,,40864,64295,31,66,9,106,21,774045,4814398,3507678,500286,17151,5817
2021-03-03,0,0,,0,0,,41943,66173,20,59,12,91,16,774045,4856341,3573851,500286,17242,5833
2021-03-04,0,0,,0,0,,39107,76222,16,56,12,84,18,774045,4895448,3650073,500286,17326,5851
2021-03-05,0,0,,0,0,,17171,36408,18,53,20,91,18,774045,4912619,3686481,500286,17417,5869
2021-03-06,0,0,,0,0,,10672,25212,24,64,10,98,18,774045,4923291,3711693,500286,17515,5887
2021-03-07,0,0,,0,0,,30899,72213,0,0,0,0,0,774045,4954190,3783906,500286,17515,5887
2021-03-08,0,0,,0,0,,34778,72617,0,0,0,0,0,774045,4988968,3856523,500286,17515,5887
2021-03-09,0,0,,0,0,,0,0,0,0,0,0,0,774045,4988968,3856523,500286,17515,5887
2021-03-10,0,0,,0,0,,0,0,0,0,0,0,0,774045,4988968,3856523,500286,17515,5887
2021-03-11,0,0,,0,0,,0,0,0,0,0,0,0,774045,4988968,3856523,500286,17515,5887
